Webots Project File version R2022a
perspectives: 000000ff00000000fd000000030000000000000148000002f9fc0100000001fb0000001e00480074006d006c0052006f0062006f007400570069006e0064006f007700000000000000014800000000000000000000000100000281000002b6fc0200000001fb0000001400540065007800740045006400690074006f00720100000000000002b6000000a500ffffff00000003000005a0000000adfc0100000001fc00000000000005a00000004e00fffffffa000000000100000002fb0000001a0043006f006e0073006f006c00650041006c006c0041006c006c0100000000ffffffff0000004e00fffffffb0000001a0043006f006e0073006f006c00650041006c006c0041006c006c0100000000ffffffff000000000000000000000319000002b600000001000000020000000100000008fc00000000
simulationViewPerspectives: 000000ff0000000100000002000001180000023f0100000006010000000100
sceneTreePerspectives: 000000ff0000000100000002000000c0000000fc0100000006010000000200
minimizedPerspectives: 000000ff00000000fd00000003000000000000014800000369fc0100000001fb0000001e00480074006d006c0052006f0062006f007400570069006e0064006f00770000000000000001480000000000000000000000010000028b00000152fc0200000001fb0000001400540065007800740045006400690074006f00720100000000000001520000006d00ffffff00000003000005a00000019efc0100000001fc00000000000005a00000004e00fffffffa000000000100000002fb0000001a0043006f006e0073006f006c00650041006c006c0041006c006c0100000000ffffffff0000004e00fffffffb0000001a0043006f006e0073006f006c00650041006c006c0041006c006c0100000000ffffffff00000000000000000000030f0000015200000001000000020000000100000008fc00000000
maximizedDockId: -1
centralWidgetVisible: 1
orthographicViewHeight: 1
textFiles: 0 "controllers/ccpp/ccpp.py" "controllers/ccpp/utils.py"
consoles: Console:All:All
renderingDevicePerspectives: TurtleBot3Burger:kinect color;0;0.168421;0;0
renderingDevicePerspectives: TurtleBot3Burger:kinect range;0;0.168421;0;0
