Webots Project File version R2022a
perspectives: 000000ff00000000fd0000000200000001000001fc0000028afc0200000001fb0000001400540065007800740045006400690074006f007201000000000000028a0000006d00ffffff00000003000005a000000066fc0100000001fb0000001a0043006f006e0073006f006c00650041006c006c0041006c006c0100000000000005a00000004e00ffffff0000039e0000028a00000001000000020000000100000008fc00000000
simulationViewPerspectives: 000000ff00000001000000020000011e0000033d0100000006010000000100
sceneTreePerspectives: 000000ff0000000100000002000000e7000000fc0100000006010000000200
maximizedDockId: -1
centralWidgetVisible: 1
orthographicViewHeight: 1
textFiles: 0 "controllers/ccpp/ccpp.py"
consoles: Console:All:All
renderingDevicePerspectives: TurtleBot3Burger:kinect color;1;0.689474;0;0.0019802
renderingDevicePerspectives: TurtleBot3Burger:kinect range;1;0.709375;0.363908;0
