Webots Project File version R2022a
perspectives: 000000ff00000000fd0000000300000000000000d7000002f6fc0100000003fb0000001a0044006f00630075006d0065006e0074006100740069006f006e0000000000ffffffff0000000000000000fb0000001e00480074006d006c0052006f0062006f007400570069006e0064006f00770000000000000000d70000000000000000fb0000001e00480074006d006c0052006f0062006f007400570069006e0064006f00770000000000000001970000000000000000000000010000031d0000028afc0200000001fb0000001400540065007800740045006400690074006f007201000000000000028a000000a500ffffff00000003000005a000000066fc0100000002fb0000000e0043006f006e0073006f006c00650100000000000005fc0000000000000000fb0000001a0043006f006e0073006f006c00650041006c006c0041006c006c0100000000000005a00000004e00ffffff0000027d0000028a00000001000000020000000100000008fc00000000
simulationViewPerspectives: 000000ff0000000100000002000001320000027f0100000006010000000100
sceneTreePerspectives: 000000ff0000000100000002000000c0000000fc0100000006010000000200
maximizedDockId: -1
centralWidgetVisible: 1
orthographicViewHeight: 1
textFiles: 0 "controllers/ccpp/ccpp.py" "../../../../../../../Applications/Webots.app/projects/robots/robotis/turtlebot/protos/TurtleBot3Burger.proto"
consoles: Console:All:All
renderingDevicePerspectives: TurtleBot3Burger:kinect color;1;0.631579;0;0.0019802
renderingDevicePerspectives: TurtleBot3Burger:kinect range;1;0.6375;0.277898;0
